	0.00000000	30.000000	0.00000000	0.00000000	-60.000000	0.00000000	0.00000000
	0.010209000	30.269064	0.45809760	-0.37153111	-59.997794	0.0075447038	0.73905693
	0.020449000	30.536716	0.45428236	-0.37361270	-59.991148	0.015113329	0.73920387
	0.030177000	30.788906	0.45063782	-0.37562449	-59.980720	0.022305388	0.73943390
	0.040929000	31.065274	0.44658641	-0.37791988	-59.964533	0.030257686	0.73979282
	0.050145000	31.300167	0.44309389	-0.37987837	-59.946756	0.037077473	0.74018092
	0.060385000	31.558991	0.43919135	-0.38216621	-59.922778	0.044659800	0.74071727
	0.071649000	31.841051	0.43487147	-0.38474195	-59.891276	0.053007321	0.74142442
	0.081889000	32.095036	0.43091879	-0.38710182	-59.857949	0.060603538	0.74216525
	0.090081000	32.296549	0.42773906	-0.38889086	-59.828076	0.066686363	0.74279692
	0.10032100	32.546336	0.42374177	-0.39138955	-59.786718	0.074298171	0.74373896
	0.11056100	32.793770	0.41971900	-0.39391551	-59.740892	0.081920146	0.74478120
	0.12080100	33.038836	0.41567026	-0.39647638	-59.690590	0.089553376	0.74592701
	0.13104100	33.281567	0.41159645	-0.39847028	-59.635895	0.097198287	0.74688207
	0.14332900	33.569601	0.40667001	-0.40230212	-59.564194	0.10639115	0.74883493
	0.15152100	33.759705	0.40336446	-0.40411265	-59.512820	0.11253113	0.74984696
	0.16380900	34.041939	0.39837148	-0.40773131	-59.430345	0.12176073	0.75191114
	0.17200100	34.228135	0.39502066	-0.40979418	-59.371748	0.12792713	0.75319157
	0.18019300	34.412755	0.39165106	-0.41191868	-59.310253	0.13410527	0.75456209
	0.19248100	34.686707	0.38656104	-0.41557706	-59.212567	0.14339578	0.75696182
	0.20067300	34.867345	0.38314395	-0.41783260	-59.143805	0.14960575	0.75855134
	0.21296100	35.135282	0.37798136	-0.42152125	-59.035188	0.15894708	0.76120464
	0.22115300	35.311881	0.37451498	-0.42391286	-58.959118	0.16519302	0.76302338
	0.23344100	35.573717	0.36927721	-0.42766953	-58.839507	0.17459147	0.76596092
	0.24163300	35.746219	0.36575972	-0.43018521	-58.756085	0.18087771	0.76801180
	0.25392100	36.001863	0.36044398	-0.43404846	-58.625409	0.19033992	0.77126613
	0.26211300	36.170416	0.35688044	-0.43515031	-58.534956	0.19666497	0.77222945
	0.27030500	36.336975	0.35328230	-0.43995229	-58.440971	0.20302031	0.77643476
	0.28668900	36.665243	0.34603435	-0.44486005	-58.244452	0.21577921	0.78099631
	0.29488100	36.826814	0.34237296	-0.44684582	-58.141690	0.22219378	0.78297317
	0.30307300	36.986642	0.33869412	-0.44958468	-58.035878	0.22862603	0.78566238
	0.31126500	37.144746	0.33498417	-0.45322841	-57.927058	0.23508827	0.78919940
	0.32764900	37.455701	0.32750190	-0.45911252	-57.700280	0.24807843	0.79527908
	0.33584100	37.608533	0.32372376	-0.46123957	-57.582306	0.25461255	0.79772948
	0.34403300	37.759585	0.31992130	-0.46472849	-57.461260	0.26117322	0.80142563
	0.35222500	37.908847	0.31609048	-0.46787320	-57.337126	0.26776456	0.80490528
	0.36041700	38.056305	0.31223790	-0.47062100	-57.209893	0.27438154	0.80812354
	0.37680100	38.345762	0.30444844	-0.47709306	-56.946072	0.28771153	0.81565077
	0.38499300	38.487736	0.30051330	-0.48089390	-56.809454	0.29442444	0.82002961
	0.39318500	38.627857	0.29655014	-0.48404404	-56.669677	0.30117120	0.82393988
	0.40137700	38.766111	0.29256036	-0.48747524	-56.526726	0.30795136	0.82818395
	0.41776100	39.036967	0.28449191	-0.49445557	-56.231232	0.32162282	0.83706375
	0.42595300	39.169540	0.28041276	-0.49843525	-56.078655	0.32851615	0.84207500
	0.43414500	39.300192	0.27630394	-0.50189667	-55.922833	0.33544879	0.84674568
	0.44233700	39.428908	0.27216429	-0.50581602	-55.763747	0.34242259	0.85191761
	0.45052900	39.555674	0.26799220	-0.50969006	-55.601378	0.34943986	0.85716231
	0.46691300	39.803293	0.25955176	-0.51772472	-55.266707	0.36360766	0.86824649
	0.47510500	39.924116	0.25528172	-0.52166036	-55.094362	0.37076163	0.87390056
	0.48329700	40.042926	0.25097694	-0.52600186	-54.918648	0.37796498	0.88003021
	0.49148900	40.159707	0.24663697	-0.53022812	-54.739541	0.38521918	0.88619214
	0.50787300	40.387117	0.23784878	-0.53917231	-54.371050	0.39988689	0.89935028
	0.51787300	40.522008	0.23242048	-0.54331244	-54.139621	0.40893571	0.90561918
	0.52787300	40.653513	0.22691707	-0.55145708	-53.902551	0.41809809	0.91791944
	0.53787300	40.781980	0.22136878	-0.55483377	-53.660424	0.42733032	0.92327499
	0.54787300	40.907183	0.21575183	-0.56306449	-53.412869	0.43666931	0.93599275
	0.55787300	41.029183	0.21007156	-0.56819812	-53.159989	0.44610819	0.94421126
	0.56787300	41.147895	0.20433310	-0.57487352	-52.901646	0.45564105	0.95490690
	0.57787300	41.263305	0.19851702	-0.58233812	-52.637820	0.46529807	0.96688818
	0.58787300	41.375362	0.19264250	-0.58803654	-52.368426	0.47505235	0.97642496
	0.59787300	41.484031	0.18668774	-0.59661346	-52.093409	0.48493800	0.99039535
	0.60787300	41.589269	0.18066327	-0.60293110	-51.812693	0.49494090	1.0011703
	0.61787300	41.691033	0.17456188	-0.61128980	-51.526208	0.50507371	1.0151752
	0.62787300	41.789277	0.16837736	-0.61919443	-51.233878	0.51534738	1.0286691
	0.63787300	41.883955	0.16211580	-0.62710296	-50.935622	0.52575488	1.0423838
	0.64787300	41.975020	0.15576269	-0.63638442	-50.631359	0.53631978	1.0583304
	0.65787300	42.062420	0.14932510	-0.64458923	-50.320999	0.54703366	1.0728957
	0.66787300	42.146104	0.14279248	-0.65449886	-50.004453	0.55791456	1.0902244
	0.67787300	42.226018	0.13616356	-0.66382903	-49.681624	0.56896660	1.1069195
	0.68787300	42.302106	0.12943610	-0.67396609	-49.352411	0.58019567	1.1250757
	0.69787300	42.374308	0.12260103	-0.68468314	-49.016709	0.59161786	1.1443467
	0.70787300	42.442564	0.11565986	-0.69529840	-48.674407	0.60323368	1.1637520
	0.71787300	42.506809	0.10860213	-0.70715905	-48.325389	0.61506162	1.1853003
	0.72787300	42.566976	0.10142644	-0.71881983	-47.969531	0.62710683	1.2068612
	0.73787300	42.622996	0.094125824	-0.73155924	-47.606706	0.63938297	1.2303610
	0.74787300	42.674796	0.086693411	-0.74467882	-47.236777	0.65190373	1.2547705
	0.75787300	42.722298	0.079125365	-0.75836720	-46.859601	0.66467853	1.2804048
	0.76787300	42.765422	0.071411560	-0.77304560	-46.475028	0.67772637	1.3079045
	0.77787300	42.804083	0.063547619	-0.78806482	-46.082897	0.69105795	1.3363368
	0.78787300	42.838193	0.055523536	-0.80427459	-45.683040	0.70469268	1.3669937
	0.79787300	42.867657	0.047331501	-0.82106948	-45.275280	0.71864697	1.3990036
	0.80787300	42.892377	0.038962729	-0.83891914	-44.859428	0.73293907	1.4331062
	0.81787300	42.912247	0.030405843	-0.85781737	-44.435283	0.74759144	1.4693250
	0.82787300	42.927158	0.021651734	-0.87765238	-44.002634	0.76262360	1.5075421
	0.83787300	42.936993	0.012687010	-0.89889153	-43.561256	0.77806195	1.5484973
	0.84787300	42.941628	0.0034999758	-0.92121427	-43.110908	0.79393082	1.5917676
	0.85787300	42.940931	-0.0059237362	-0.94509605	-42.651337	0.81025917	1.6381209
	0.86787300	42.934763	-0.015599597	-0.97044912	-42.182269	0.82707822	1.6874897
	0.87787300	42.922973	-0.025543537	-0.99746517	-41.703414	0.84442060	1.7402367
	0.88787300	42.905404	-0.035774750	-1.0264098	-41.214461	0.86232463	1.7968371
	0.89787300	42.881884	-0.046312435	-1.0572672	-40.715078	0.88082955	1.8573625
	0.90787300	42.852232	-0.057179303	-1.0904715	-40.204906	0.89998088	1.9225645
	0.91787300	42.816253	-0.068399547	-1.1260642	-39.683562	0.91982751	1.9926238
	0.92787300	42.773735	-0.080000102	-1.1644299	-39.150631	0.94042378	2.0682510
	0.93787300	42.724453	-0.092011420	-1.2058475	-38.605666	0.96183077	2.1500152
	0.94787300	42.668161	-0.10446652	-1.2506132	-38.048184	0.98411519	2.2385377
	0.95787300	42.604595	-0.11740336	-1.2992367	-37.477660	1.0073531	2.3347824
	0.96787300	42.533466	-0.13086372	-1.3520636	-36.893523	1.0316285	2.4395029
	0.97787300	42.454460	-0.14489515	-1.4097418	-36.295152	1.0570370	2.5539414
	0.98787300	42.367236	-0.15955141	-1.4728434	-35.681867	1.0836863	2.6792741
	0.99787300	42.271417	-0.17489333	-1.5421317	-35.052920	1.1116987	2.8170202
	1.0000000	42.248455	-0.17893578	-1.9498288	-34.914421	1.1192069	3.6280159
