	0.00000000	0.00000000	0.00000000	0.00000000	0.00000000
	0.0050890000	-0.0093521861	0.012469594	-0.064164964	0.085553367
	0.010209000	-0.037637021	0.050182731	-0.12872073	0.17162768
	0.015073000	-0.082062486	0.10941662	-0.19004837	0.25339712
	0.020449000	-0.15100529	0.20133973	-0.25783030	0.34376967
	0.025057000	-0.22677513	0.30236423	-0.31592675	0.42122392
	0.030177000	-0.32892132	0.43855331	-0.38047344	0.50726759
	0.035809000	-0.46312222	0.61747208	-0.45146443	0.60188065
	0.040929000	-0.60491204	0.80649490	-0.51598649	0.68784123
	0.045025000	-0.73206096	0.97598424	-0.56758884	0.75655802
	0.050145000	-0.90813723	1.2106637	-0.63206509	0.84236399
	0.055265000	-1.1028951	1.4701932	-0.69650137	0.92803500
	0.060385000	-1.3167754	1.7551321	-0.76088425	1.0135258
	0.065505000	-1.5488532	2.0642150	-0.82519772	1.0987822
	0.071649000	-1.8533630	2.4695629	-0.90225543	1.2006899
	0.075745000	-2.0711261	2.7592855	-0.95353769	1.2683260
	0.081889000	-2.4198589	3.2229466	-1.0302941	1.3692161
	0.085985000	-2.6676426	3.5521246	-1.0813323	1.4360272
	0.090081000	-2.9273896	3.8969332	-1.1322451	1.5024145
	0.096225000	-3.3398237	4.4438152	-1.2083395	1.6010664
	0.10032100	-3.6293316	4.8272014	-1.2588573	1.6661172
	0.10646500	-4.0853134	5.4301130	-1.3342622	1.7624349
	0.11056100	-4.4043120	5.8511622	-1.3842507	1.8256926
	0.11670500	-4.9051843	6.5109175	-1.4587489	1.9189361
	0.12080100	-5.2533186	6.9684258	-1.5080530	1.9798718
	0.12694500	-5.7966687	7.6805827	-1.5813982	2.0691982
	0.13104100	-6.1717902	8.1710025	-1.6298466	2.1272236
	0.13513700	-6.5616187	8.6788737	-1.6779011	2.1839064
	0.14332900	-7.3714728	9.7296706	-1.7727064	2.2928228
	0.14742500	-7.7912848	10.271867	-1.8193959	2.3448421
	0.15152100	-8.2253766	10.830054	-1.8655688	2.3950916
	0.15561700	-8.6668570	11.395823	-1.9111947	2.4434634
	0.16380900	-9.5849821	12.564232	-2.0006858	2.5341484
	0.16790500	-10.061342	13.165891	-2.0444931	2.5762536
	0.17200100	-10.544522	13.773171	-2.0876379	2.6160666
	0.17609700	-11.041130	14.393506	-2.1300942	2.6534915
	0.18019300	-11.544234	15.018342	-2.1718372	2.6884365
	0.18838500	-12.582781	16.295092	-2.2530930	2.7505451
	0.19248100	-13.117868	16.945764	-2.2925650	2.7775518
	0.19657700	-13.658743	17.598455	-2.3312425	2.8017655
	0.20067300	-14.211982	18.260485	-2.3691101	2.8231233
	0.20886500	-15.341253	19.593877	-2.4423634	2.8570531
	0.21296100	-15.916894	20.263849	-2.4777285	2.8695329
	0.21705700	-16.504117	20.940384	-2.5122418	2.8789725
	0.22115300	-17.095957	21.614783	-2.5458979	2.8853424
	0.22524900	-17.698977	22.294306	-2.5786928	2.8886198
	0.23344100	-18.924216	23.649841	-2.6416916	2.8858350
	0.23753700	-19.546030	24.324390	-2.6718952	2.8797560
	0.24163300	-20.178215	25.001137	-2.7012366	2.8705500
	0.24572900	-20.813801	25.671365	-2.7297184	2.8582208
	0.25392100	-22.107907	27.005306	-2.7841165	2.8242277
	0.26211300	-23.423630	28.325296	-2.8351270	2.7779067
	0.27030500	-24.768549	29.610158	-2.8827769	2.7193806
	0.27849700	-26.129009	30.875247	-2.9270942	2.6488205
	0.28668900	-27.515534	32.093916	-2.9680976	2.5664140
	0.29488100	-28.914486	33.281691	-3.0057910	2.4723521
	0.30307300	-30.336392	34.412105	-3.0401595	2.3668195
	0.31126500	-31.767599	35.500854	-3.0711660	2.2499872
	0.31945700	-33.218597	36.521628	-3.0987483	2.1220071
	0.32764900	-34.675675	37.490268	-3.1228176	1.9830080
	0.33584100	-36.149240	38.380583	-3.1432572	1.8330931
	0.34403300	-37.625471	39.208511	-3.1599219	1.6723390
	0.35222500	-39.114640	39.947933	-3.1726383	1.5007954
	0.36041700	-40.602761	40.614832	-3.1812055	1.3184851
	0.36860900	-42.099918	41.183112	-3.1853962	1.1254049
	0.37680100	-43.591915	41.668754	-3.1849584	0.92152651
	0.38499300	-45.088597	42.045634	-3.1796181	0.70679724
	0.39318500	-46.575511	42.329684	-3.1690816	0.48114111
	0.40137700	-48.062229	42.494710	-3.1530390	0.24445941
	0.40956900	-49.534008	42.556551	-3.1311681	-0.0033685948
	0.41776100	-51.000118	42.488899	-3.1031390	-0.26248504
	0.42595300	-52.445507	42.307460	-3.0686190	-0.53305234
	0.43414500	-53.879135	41.985775	-3.0272789	-0.81525140
	0.44233700	-55.285642	41.539380	-2.9788000	-1.1092781
	0.45052900	-56.673690	40.941634	-2.9228828	-1.4153372
	0.45872100	-58.027642	40.207883	-2.8592575	-1.7336316
	0.46691300	-59.355910	39.311300	-2.7876971	-2.0643446
	0.47510500	-60.642647	38.267066	-2.7080349	-2.4076120
	0.48329700	-61.896114	37.048236	-2.6201874	-2.7634773
	0.49148900	-63.100393	35.669966	-2.5241850	-3.1318256
	0.49968100	-64.263782	34.105443	-2.4202147	-3.5122823
	0.50787300	-65.370555	32.370208	-2.3086775	-3.9040682
	0.51787300	-66.661112	30.009793	-2.1632820	-4.3956240
	0.52787300	-67.847163	27.330228	-2.0097511	-4.8975344
	0.53787300	-68.962747	24.396812	-1.8514357	-5.4023071
	0.54787300	-69.968832	21.142228	-1.6934015	-5.8980476
	0.55787300	-70.905392	17.645798	-1.5428741	-6.3670829
	0.56787300	-71.741736	13.860685	-1.4094510	-6.7851670
	0.57787300	-72.528714	9.8937394	-1.3046872	-7.1223731
	0.58787300	-73.248460	5.7313249	-1.2406344	-7.3469053
	0.59787300	-73.964903	1.5147449	-1.2272880	-7.4320246
	0.60787300	-74.670813	-2.7412464	-1.2697372	-7.3638983
	0.61787300	-75.435473	-6.8808176	-1.3664938	-7.1462203
	0.62787300	-76.250107	-10.892995	-1.5100504	-6.7986328
	0.63787300	-77.176086	-14.642538	-1.6892916	-6.3500280
	0.64787300	-78.192710	-18.149349	-1.8923333	-5.8307634
	0.65787300	-79.348321	-21.311410	-2.1085711	-5.2672015
	0.66787300	-80.610325	-24.178194	-2.3295920	-4.6794729
	0.67787300	-82.017444	-26.670776	-2.5492423	-4.0815699
	0.68787300	-83.529935	-28.855000	-2.7632855	-3.4825197
	0.69787300	-85.181537	-30.662681	-2.9689573	-2.8877663
	0.70787300	-86.929228	-32.166241	-3.1645685	-2.3003611
	0.71787300	-88.804719	-33.301249	-3.3491972	-1.7218514
	0.72787300	-90.763871	-34.142075	-3.5224682	-1.1528955
	0.73787300	-92.837921	-34.625157	-3.6843973	-0.59367004
	0.74787300	-94.982715	-34.825147	-3.8352797	-0.044135434
	0.75787300	-97.229804	-34.678487	-3.9756055	0.49578469
	0.76787300	-99.535575	-34.259779	-4.1059881	1.0260706
	0.77787300	-101.93226	-33.505524	-4.2270959	1.5464877
	0.78787300	-104.37700	-32.490628	-4.3395803	2.0564572
	0.79787300	-106.90274	-31.152301	-4.4439932	2.5548953
	0.80787300	-109.46723	-29.566752	-4.5406885	3.0400039
	0.81787300	-112.10379	-27.673329	-4.6297057	3.5090019
	0.82787300	-114.77016	-25.551520	-4.7106345	3.9577978
	0.83787300	-117.49917	-23.145464	-4.7824708	4.3806328
	0.84787300	-120.24737	-20.541338	-4.8434871	4.7697677
	0.85787300	-123.04558	-17.692188	-4.8911645	5.1153551
	0.86787300	-125.84748	-14.695396	-4.9222580	5.4057127
	0.87787300	-128.68026	-11.517130	-4.9330752	5.6282374
	0.88787300	-131.49353	-8.2687345	-4.9200150	5.7710916
	0.89787300	-134.31055	-4.9292911	-4.8803091	5.8254757
	0.90787300	-137.07798	-1.6195844	-4.8127641	5.7878693
	0.91787300	-139.81784	1.6776480	-4.7182136	5.6613538
	0.92787300	-142.47772	4.8450835	-4.5994643	5.4553711
	0.93787300	-145.08272	7.9103015	-4.4607496	5.1839690
	0.94787300	-147.58503	10.771351	-4.3069282	4.8632657
	0.95787300	-150.01512	13.473595	-4.1427284	4.5090577
	0.96787300	-152.33045	15.932715	-3.9722361	4.1351785
	0.97787300	-154.56608	18.209709	-3.7986681	3.7527404
	0.98787300	-156.68319	20.232970	-3.6243654	3.3700636
	0.99787300	-158.71954	22.073126	-3.4509114	2.9930032
	1.0000000	-159.10471	22.364223	-3.4142375	2.9139561
