	0.00000000	0.00000000	0.00000000	0.00000000	0.00000000
	0.0075210000	-0.020431334	0.027241804	-0.094828971	0.12643873
	0.015073000	-0.082062486	0.10941662	-0.19004837	0.25339712
	0.023009000	-0.19121863	0.25495668	-0.29010648	0.38680109
	0.030177000	-0.32892132	0.43855331	-0.38047344	0.50726759
	0.037857000	-0.51761222	0.69011565	-0.47727537	0.63627203
	0.045025000	-0.73206096	0.97598424	-0.56758884	0.75655802
	0.053217000	-1.0226783	1.3633051	-0.67073245	0.89378549
	0.060385000	-1.3167754	1.7551321	-0.76088425	1.0135258
	0.067553000	-1.6476437	2.1957431	-0.85089955	1.1328052
	0.075745000	-2.0711261	2.7592855	-0.95353769	1.2683260
	0.083937000	-2.5427059	3.3861746	-1.0558278	1.4026710
	0.090081000	-2.9273896	3.8969332	-1.1322451	1.5024145
	0.098273000	-3.4826433	4.6330011	-1.2336213	1.6336694
	0.10646500	-4.0853134	5.4301130	-1.3342622	1.7624349
	0.11260900	-4.5686558	6.0678281	-1.4091512	1.8570038
	0.12080100	-5.2533186	6.9684258	-1.5080530	1.9798718
	0.13104100	-6.1717902	8.1710025	-1.6298466	2.1272236
	0.13513700	-6.5616187	8.6788737	-1.6779011	2.1839064
	0.14332900	-7.3714728	9.7296706	-1.7727064	2.2928228
	0.15152100	-8.2253766	10.830054	-1.8655688	2.3950916
	0.15971300	-9.1223607	11.976703	-1.9562435	2.4898507
	0.16790500	-10.061342	13.165891	-2.0444931	2.5762536
	0.17609700	-11.041130	14.393506	-2.1300942	2.6534915
	0.18019300	-11.544234	15.018342	-2.1718372	2.6884365
	0.18838500	-12.582781	16.295092	-2.2530930	2.7505451
	0.19657700	-13.658743	17.598455	-2.3312425	2.8017655
	0.20476900	-14.770628	18.923195	-2.4061542	2.8415690
	0.21296100	-15.916894	20.263849	-2.4777285	2.8695329
	0.22115300	-17.095957	21.614783	-2.5458979	2.8853424
	0.22524900	-17.698977	22.294306	-2.5786928	2.8886198
	0.23344100	-18.924216	23.649841	-2.6416916	2.8858350
	0.24163300	-20.178215	25.001137	-2.7012366	2.8705500
	0.24982500	-21.459354	26.342326	-2.7573438	2.8427762
	0.26211300	-23.423630	28.325296	-2.8351270	2.7779067
	0.27030500	-24.768549	29.610158	-2.8827769	2.7193806
	0.27849700	-26.129009	30.875247	-2.9270942	2.6488205
	0.28668900	-27.515534	32.093916	-2.9680976	2.5664140
	0.29488100	-28.914486	33.281691	-3.0057910	2.4723521
	0.30307300	-30.336392	34.412105	-3.0401595	2.3668195
	0.31126500	-31.767599	35.500854	-3.0711660	2.2499872
	0.31945700	-33.218597	36.521628	-3.0987483	2.1220071
	0.32764900	-34.675675	37.490268	-3.1228176	1.9830080
	0.33584100	-36.149240	38.380583	-3.1432572	1.8330931
	0.34403300	-37.625471	39.208511	-3.1599219	1.6723390
	0.35222500	-39.114640	39.947933	-3.1726383	1.5007954
	0.36041700	-40.602761	40.614832	-3.1812055	1.3184851
	0.36860900	-42.099918	41.183112	-3.1853962	1.1254049
	0.37680100	-43.591915	41.668754	-3.1849584	0.92152651
	0.38499300	-45.088597	42.045634	-3.1796181	0.70679724
	0.39318500	-46.575511	42.329684	-3.1690816	0.48114111
	0.40137700	-48.062229	42.494710	-3.1530390	0.24445941
	0.40956900	-49.534008	42.556551	-3.1311681	-0.0033685948
	0.41776100	-51.000118	42.488899	-3.1031390	-0.26248504
	0.42595300	-52.445507	42.307460	-3.0686190	-0.53305234
	0.43414500	-53.879135	41.985775	-3.0272789	-0.81525140
	0.44233700	-55.285642	41.539380	-2.9788000	-1.1092781
	0.45052900	-56.673690	40.941634	-2.9228828	-1.4153372
	0.45872100	-58.027642	40.207883	-2.8592575	-1.7336316
	0.46691300	-59.355910	39.311300	-2.7876971	-2.0643446
	0.47510500	-60.642647	38.267066	-2.7080349	-2.4076120
	0.48329700	-61.896114	37.048236	-2.6201874	-2.7634773
	0.49148900	-63.100393	35.669966	-2.5241850	-3.1318256
	0.49968100	-64.263782	34.105443	-2.4202147	-3.5122823
	0.50787300	-65.370555	32.370208	-2.3086775	-3.9040682
	0.51787300	-66.661112	30.009793	-2.1632820	-4.3956240
	0.52787300	-67.847163	27.330228	-2.0097511	-4.8975344
	0.53787300	-68.962747	24.396812	-1.8514357	-5.4023071
	0.54787300	-69.968832	21.142228	-1.6934015	-5.8980476
	0.55787300	-70.905392	17.645798	-1.5428741	-6.3670829
	0.56787300	-71.741736	13.860685	-1.4094510	-6.7851670
	0.57787300	-72.528714	9.8937394	-1.3046872	-7.1223731
	0.58787300	-73.248460	5.7313249	-1.2406344	-7.3469053
	0.59787300	-73.964903	1.5147449	-1.2272880	-7.4320246
	0.60787300	-74.670813	-2.7412464	-1.2697372	-7.3638983
	0.61787300	-75.435473	-6.8808176	-1.3664938	-7.1462203
	0.62787300	-76.250107	-10.892995	-1.5100504	-6.7986328
	0.63787300	-77.176086	-14.642538	-1.6892916	-6.3500280
	0.64787300	-78.192710	-18.149349	-1.8923333	-5.8307634
	0.65787300	-79.348321	-21.311410	-2.1085711	-5.2672015
	0.66787300	-80.610325	-24.178194	-2.3295920	-4.6794729
	0.67787300	-82.017444	-26.670776	-2.5492423	-4.0815699
	0.68787300	-83.529935	-28.855000	-2.7632855	-3.4825197
	0.69787300	-85.181537	-30.662681	-2.9689573	-2.8877663
	0.70787300	-86.929228	-32.166241	-3.1645685	-2.3003611
	0.71787300	-88.804719	-33.301249	-3.3491972	-1.7218514
	0.72787300	-90.763871	-34.142075	-3.5224682	-1.1528955
	0.73787300	-92.837921	-34.625157	-3.6843973	-0.59367004
	0.74787300	-94.982715	-34.825147	-3.8352797	-0.044135434
	0.75787300	-97.229804	-34.678487	-3.9756055	0.49578469
	0.76787300	-99.535575	-34.259779	-4.1059881	1.0260706
	0.77787300	-101.93226	-33.505524	-4.2270959	1.5464877
	0.78787300	-104.37700	-32.490628	-4.3395803	2.0564572
	0.79787300	-106.90274	-31.152301	-4.4439932	2.5548953
	0.80787300	-109.46723	-29.566752	-4.5406885	3.0400039
	0.81787300	-112.10379	-27.673329	-4.6297057	3.5090019
	0.82787300	-114.77016	-25.551520	-4.7106345	3.9577978
	0.83787300	-117.49917	-23.145464	-4.7824708	4.3806328
	0.84787300	-120.24737	-20.541338	-4.8434871	4.7697677
	0.85787300	-123.04558	-17.692188	-4.8911645	5.1153551
	0.86787300	-125.84748	-14.695396	-4.9222580	5.4057127
	0.87787300	-128.68026	-11.517130	-4.9330752	5.6282374
	0.88787300	-131.49353	-8.2687345	-4.9200150	5.7710916
	0.89787300	-134.31055	-4.9292911	-4.8803091	5.8254757
	0.90787300	-137.07798	-1.6195844	-4.8127641	5.7878693
	0.91787300	-139.81784	1.6776480	-4.7182136	5.6613538
	0.92787300	-142.47772	4.8450835	-4.5994643	5.4553711
	0.93787300	-145.08272	7.9103015	-4.4607496	5.1839690
	0.94787300	-147.58503	10.771351	-4.3069282	4.8632657
	0.95787300	-150.01512	13.473595	-4.1427284	4.5090577
	0.96787300	-152.33045	15.932715	-3.9722361	4.1351785
	0.97787300	-154.56608	18.209709	-3.7986681	3.7527404
	0.98787300	-156.68319	20.232970	-3.6243654	3.3700636
	0.99787300	-158.71954	22.073126	-3.4509114	2.9930032
	1.0078730	-160.63817	23.665417	-3.2792949	2.6254291
	1.0178730	-162.47802	25.085042	-3.1100700	2.2697086
	1.0278730	-164.20281	26.270074	-2.9434904	1.9271204
	1.0378730	-165.85179	27.297269	-2.7796128	1.5981798
	1.0478730	-167.38876	28.105361	-2.6183713	1.2828801
	1.0578730	-168.85294	28.771147	-2.4596293	0.98086537
	1.0678730	-170.20796	29.232988	-2.3032125	0.69154991
	1.0778730	-171.49284	29.567033	-2.1489306	0.41419993
	1.0878730	-172.67101	29.710816	-1.9965899	0.14798770
	1.0978730	-173.78126	29.739551	-1.8459993	-0.10797285
	1.1078730	-174.78681	29.589762	-1.6969739	-0.35460312
	1.1178730	-175.72625	29.335609	-1.5493348	-0.59284499
	1.1278730	-176.56257	28.912541	-1.4029091	-0.82365117
	1.1378730	-177.33416	28.393631	-1.2575281	-1.0479783
	1.1478730	-178.00384	27.713229	-1.1130265	-1.2667809
	1.1578730	-178.60980	26.943318	-0.96924203	-1.4810055
	1.1678730	-179.11467	26.017167	-0.82601559	-1.6915826
	1.1778730	-179.55646	25.005693	-0.68319311	-1.8994159
	1.1878730	-179.89763	23.841136	-0.54062922	-2.1053667
	1.1978730	-180.17601	22.593431	-0.39819313	-2.3102332
	1.2078730	-180.35393	21.193912	-0.25577740	-2.5147208
	1.2178730	-180.46910	19.711718	-0.11331011	-2.7194036
	1.2278730	-180.48375	18.077537	0.029229084	-2.9246747
	1.2378730	-180.43560	16.360076	0.17178880	-3.1306831
	1.2478730	-180.28693	14.489875	0.31422197	-3.3372609
	1.2578730	-180.07564	12.535856	0.45625943	-3.5438412
	1.2678730	-179.76433	10.429232	0.59748374	-3.7493766
	1.2778730	-179.39138	8.2401434	0.73730823	-3.9522722
	1.2878730	-178.92006	5.9016408	0.87496793	-4.1503527
	1.2978730	-178.38962	3.4863505	1.0095310	-4.3408900
	1.3078730	-177.76441	0.93041643	1.1399387	-4.5207140
	1.3178730	-177.08486	-1.6899620	1.2650774	-4.6864213
	1.3278730	-176.31655	-4.4348256	1.3838807	-4.8346709
	1.3378730	-175.50112	-7.2242448	1.4954455	-4.9625281
	1.3478730	-174.60515	-10.114991	1.5991421	-5.0677907
	1.3578730	-173.67097	-13.024679	1.6946920	-5.1492248
	1.3678730	-172.66548	-16.008692	1.7821960	-5.2066557
	1.3778730	-171.63090	-18.984424	1.8621079	-5.2408999
	1.3878730	-170.53363	-22.008139	1.9351641	-5.2535684
	1.3978730	-169.41507	-24.999001	2.0022889	-5.2467981
	1.4078730	-168.24058	-28.015642	2.0644979	-5.2229744
	1.4178730	-167.05044	-30.979890	2.1228137	-5.1844917
	1.4278730	-165.80886	-33.953070	2.1782044	-5.1335774
	1.4378730	-164.55499	-36.859533	2.2315446	-5.0721822
	1.4478730	-163.25206	-39.762825	2.2835962	-5.0019271
	1.4578730	-161.93837	-42.589149	2.3350040	-4.9240940
	1.4678730	-160.57638	-45.403525	2.3863002	-4.8396418
	1.4778730	-159.20378	-48.133265	2.4379142	-4.7492379
	1.4878730	-157.78255	-50.844164	2.4901836	-4.6532962
	1.4978730	-156.34998	-53.464020	2.5433653	-4.5520143
	1.5078730	-154.86775	-56.058863	2.5976453	-4.4454089
	1.5178730	-153.37294	-58.556520	2.6531462	-4.3333467
	1.5278730	-151.82710	-61.022876	2.7099330	-4.2155706
	1.5378730	-150.26722	-63.385468	2.7680160	-4.0917227
	1.5478730	-148.65483	-65.709779	2.8273522	-3.9613629
	1.5578730	-147.02698	-67.922845	2.8878453	-3.8239850
	1.5678730	-145.34531	-70.089573	2.9493431	-3.6790310
	1.5778730	-143.64706	-72.136363	3.0116339	-3.5259035
	1.5878730	-141.89409	-74.127440	3.0744428	-3.3639771
	1.5978730	-140.12395	-75.988492	3.1374252	-3.1926101
	1.6078730	-138.29893	-77.783011	3.2001615	-3.0111551
	1.6178730	-136.45705	-79.435948	3.2621509	-2.8189701
	1.6278730	-134.56117	-81.010060	3.3228054	-2.6154296
	1.6378730	-132.64998	-82.429585	3.3814445	-2.3999355
	1.6478730	-130.68712	-83.756599	3.4372913	-2.1719283
	1.6578730	-128.71218	-84.914700	3.4894704	-1.9308969
	1.6678730	-126.68981	-85.965383	3.5370080	-1.6763881
	1.6778730	-124.66070	-86.831727	3.5788346	-1.4080142
	1.6878730	-122.59073	-87.574785	3.6137921	-1.1254577
	1.6978730	-120.52193	-88.117273	3.6406440	-0.82847295
	1.7078730	-118.42156	-88.519961	3.6580895	-0.51688392
	1.7178730	-116.33314	-88.705362	3.6647824	-0.19057602
	1.7278730	-114.22550	-88.734109	3.6593528	0.15051790
	1.7378730	-112.14370	-88.528634	3.6404326	0.50643884
	1.7478730	-110.05812	-88.149513	3.6066820	0.87723116
	1.7578730	-108.01536	-87.519116	3.5568161	1.2629812
	1.7678730	-105.98727	-86.697907	3.4896306	1.6638662
	1.7778730	-104.02182	-85.608036	3.4040221	2.0802139
	1.7878730	-102.09211	-84.309570	3.2990021	2.5125753
	1.7978730	-100.24725	-82.724002	3.1737011	2.9618117
	1.8078730	-98.461342	-80.910384	3.0273607	3.4291983
	1.8178730	-96.784370	-78.788711	2.8593097	3.9165487
	1.8278730	-95.191213	-76.415914	2.6689239	4.4263650
	1.8378730	-93.732590	-73.709068	2.4555659	4.9620199
	1.8478730	-92.384132	-70.721176	2.2185048	5.5279787
	1.8578730	-91.197426	-67.364121	1.9568161	6.1300675
	1.8678730	-90.149195	-63.684137	1.6692668	6.7757866
	1.8778730	-89.292470	-59.584418	1.3542008	7.4746452
	1.8878730	-88.605894	-55.100227	1.0094662	8.2384213
	1.8978730	-88.144944	-50.121284	0.63248901	9.0810803
	1.9078730	-87.891072	-44.667174	0.22075455	10.017643
	1.9178730	-87.902208	-38.611525	-0.22668917	11.060271
	1.9278730	-88.159785	-31.963027	-0.70536082	12.207656
	1.9378730	-88.714131	-24.603788	-1.1967356	13.420643
	1.9478730	-89.521169	-16.599856	-1.6532924	14.578642
	1.9578730	-90.573279	-7.9823611	-1.9863318	15.441800
	1.9678730	-91.731915	0.92728461	-2.0910057	15.719020
	1.9778730	-92.891797	9.8282977	-1.9248091	15.291088
	1.9878730	-93.877953	18.297924	-1.5504618	14.333776
	1.9978730	-94.639432	26.186479	-1.0746663	13.142186
	2.0078730	-95.103286	33.352012	-0.57742465	11.930533
	2.0178730	-95.306380	39.880368	-0.098572062	10.797439
	2.0278730	-95.225672	45.755524	0.34736271	9.7710127
	2.0378730	-94.918571	51.106786	0.75755713	8.8481262
	2.0478730	-94.367392	55.920531	1.1334859	8.0153034
	2.0578730	-93.628774	60.313126	1.4777121	7.2574578
	2.0678730	-92.682438	64.254547	1.7926868	6.5609842
	2.0778730	-91.582317	67.845799	2.0803962	5.9145624
	2.0878730	-90.305861	71.043876	2.3423391	5.3091212
	2.0978730	-88.905260	73.939306	2.5796187	4.7375448
	2.1078730	-87.356664	76.480829	2.7930643	4.1943362
	2.1178730	-85.711280	78.752589	2.9833466	3.6753107
	2.1278730	-83.944461	80.698456	3.1510769	3.1773355
	2.1378730	-82.106692	82.398920	3.2968848	2.6981151
	2.1478730	-80.172588	83.795172	3.4214752	2.2360135
	2.1578730	-78.191814	84.965785	3.5256642	1.7899074
	2.1678730	-76.138048	85.850627	3.6103990	1.3590624
	2.1778730	-74.059866	86.527399	3.6767603	0.94303049
	2.1878730	-71.929709	86.935432	3.7259542	0.54156187
	2.1978730	-69.794779	87.152120	3.7592931	0.15453265
	2.2078730	-67.626019	87.116633	3.7781708	-0.21811586
	2.2178730	-65.469042	86.906285	3.7840339	-0.57642598
	2.2278730	-63.293143	86.460187	3.7783520	-0.92046217
	2.2378730	-61.142258	85.855570	3.7625886	-1.2503400
	2.2478730	-58.984012	85.031405	3.7381751	-1.5662466
	2.2578730	-56.860709	84.064708	3.7064882	-1.8684535
	2.2678730	-54.738400	82.894136	3.6688311	-2.1573229
	2.2778730	-52.657900	81.596289	3.6264205	-2.4333091
	2.2878730	-50.583869	80.109305	3.5803770	-2.6969547
	2.2978730	-48.555838	78.509163	3.5317202	-2.9488841
	2.3078730	-46.537302	76.733289	3.4813668	-3.1897946
	2.3178730	-44.566738	74.856867	3.4301325	-3.4204449
	2.3278730	-42.606706	72.816456	3.3787352	-3.6416435
	2.3378730	-40.694861	70.686316	3.3277996	-3.8542349
	2.3478730	-38.793042	68.402045	3.2778634	-4.0590856
	2.3578730	-36.938289	66.036915	3.2293823	-4.2570681
	2.3678730	-35.091918	63.525526	3.1827348	-4.4490432
	2.3778730	-33.290531	60.940171	3.1382249	-4.6358381
	2.3878730	-31.495098	58.214511	3.0960829	-4.8182205
	2.3978730	-29.741959	55.419968	3.0564618	-4.9968632
	2.4078730	-27.991909	52.489446	3.0194293	-5.1722994
	2.4178730	-26.281216	49.493773	2.9849532	-5.3448607
	2.4278730	-24.570717	46.365496	2.9528792	-5.5145960
	2.4378730	-22.896866	43.175419	2.9228977	-5.6811626
	2.4478730	-21.220869	39.856521	2.8945001	-5.8436880
	2.4578730	-19.579778	36.480655	2.8669229	-6.0005984
	2.4678730	-17.935693	32.982658	2.8390836	-6.1494254
	2.4778730	-16.326923	29.437266	2.8095167	-6.2866139
	2.4878730	-14.717261	25.783431	2.7763292	-6.4073875
	2.4978730	-13.147185	22.101358	2.7372060	-6.5057608
	2.5078730	-11.583110	18.336776	2.6895077	-6.5748210
	2.5178730	-10.068476	14.577622	2.6304988	-6.6073912
	2.5278730	-8.5727268	10.777542	2.5577154	-6.5971007
	2.5378730	-7.1419952	7.0313992	2.4694155	-6.5396948
	2.5478730	-5.7476069	3.2973801	2.3649825	-6.4342013
	2.5578730	-4.4363449	-0.32869584	2.2451211	-6.2834808
	2.5678730	-3.1787588	-3.8918189	2.1117468	-6.0938758
	2.5778730	-2.0195466	-7.3031075	1.9676025	-5.8740569
	2.5878730	-0.92626091	-10.617055	1.8157491	-5.6335122
	2.5978730	0.059776013	-13.755261	1.6591046	-5.3811848
	2.6078730	0.97426750	-16.782212	1.5001373	-5.1245785
	2.6178730	1.7786819	-19.628000	1.3407343	-4.8693845
	2.6278730	2.5108864	-22.363639	1.1822058	-4.6195076
	2.6378730	3.1338734	-24.923768	1.0253646	-4.3773164
	2.6478730	3.6864728	-27.382210	0.87063558	-4.1439753
	2.6578730	4.1321942	-29.675030	0.71816133	-3.9197660
	2.6678730	4.5100570	-31.876453	0.56789305	-3.7043595
	2.6778730	4.7835349	-33.922226	0.41966050	-3.4970257
	2.6878730	4.9914669	-35.885781	0.27322348	-3.2967870
	2.6978730	5.0970618	-37.701778	0.12830796	-3.1025246
	2.7078730	5.1388516	-39.442385	-0.015369513	-2.9130507
	2.7178730	5.0797250	-41.040913	-0.15808586	-2.7271544
	2.7278730	4.9578993	-42.568153	-0.30010155	-2.5436305
	2.7378730	4.7359664	-43.956039	-0.44165491	-2.3612957
	2.7478730	4.4518714	-45.274009	-0.58295921	-2.1789970
	2.7578730	4.0679620	-46.452675	-0.72420192	-1.9956145
	2.7678730	3.6219683	-47.560193	-0.86554529	-1.8100614
	2.7778730	3.0760516	-48.525928	-1.0071281	-1.6212808
	2.7878730	2.4677822	-49.416824	-1.1490682	-1.4282418
	2.7978730	1.7591853	-50.161064	-1.2914660	-1.2299345
	2.8078730	0.98771504	-50.824430	-1.4344087	-1.0253638
	2.8178730	0.11529538	-51.333967	-1.5779748	-0.81354292
	2.8278730	-0.82071137	-51.754323	-1.7222407	-0.59348600
	2.8378730	-1.8584704	-52.011408	-1.8672862	-0.36419941
	2.8478730	-2.9607134	-52.168731	-2.0132032	-0.12467217
	2.8578730	-4.1657132	-52.151040	-2.1601039	0.12613526
	2.8678730	-5.4363326	-52.020649	-2.3081302	0.38930412
	2.8778730	-6.8110106	-51.701063	-2.4574655	0.66597261
	2.8878730	-8.2528232	-51.253286	-2.6083458	0.95735365
	2.8978730	-9.8004840	-50.599427	-2.7610738	1.2647552
	2.9078730	-11.417420	-49.798985	-2.9160326	1.5896025
	2.9178730	-13.142787	-48.772430	-3.0737007	1.9334624
	2.9278730	-14.940566	-47.577458	-3.2346662	2.2980655
	2.9378730	-16.850590	-46.132551	-3.3996399	2.6853232
	2.9478730	-18.837656	-44.493214	-3.5694626	3.0973298
	2.9578730	-20.942560	-42.575538	-3.7451033	3.5363331
	2.9678730	-23.131202	-40.432479	-3.9276368	4.0046443
	2.9778730	-25.445596	-37.977536	-4.1181842	4.5044341
	2.9878730	-27.852888	-35.261294	-4.3177868	5.0373275
	2.9978730	-30.396216	-32.195607	-4.5271656	5.6036517
	3.0000000	-30.969923	-31.444932	-4.5729645	5.7282053
